61

60016010 111101. 60 60 0110106 61 1161000 16 0166 166616
61106, 11 61 (10616100 00 6101111000 luogo 000001 habia
16 16601161 16 (11 61 beneficio 006 oy 610611016010; 0066
sin 00016160100 6110110 16 1601106 0611601οο 000 006116·
11111006 60 606 ocho 061601610610 16001161110 (16 60 116-
1610 60 60 000100610100, 16 111616 16 60 1006010, 0066
600 1016 01611161 166160606 0060166 10166 00116160
011606166 1106 no 16166106 6016 Ρ101016, 60 16 006 00
he 16600116110116616 6001 600610 006 haya 1006106616
10616116 oon 16 01611161006 66 0016; 611601006010 00111
166 horas, 00616 06110116 61 (16606060.

Ha 0061110 1666006161 16 1616616 60 661011060 110-
160160, 0010110 011010 16 Μ10061; pnes 61 611160 611110·
pyreo 6616 glorioso Α1060061, 06011110 00161060 16 Dios,
16611110 y 16611006 000 60 001611661101611166 infernales,

000006 61 1116000 1016016 0160016061 106 0601016616
Maria: 6001, 0110 Μ10061, 60010 161060 (1660 010106,

(1661110606 106 0011111106 16 16 1100611016; 0066106 16001-
1611106 000 611011601οο 1106 6016161006 (161 0000011016010
(16 6616 Ρ101016, y 106 no 16166106 60 6116 66 1666006116·
11016 6100066 10166, 00616 6006161101οο 1611060006-
16 0606611661 y volviendo 1 10 006 66 016 011606 606106
(16 101 0616061, 60 61 0061 6101660 16 dicha οο 1116160116
00610011 61 116 15 16 1111111161 6110 52, aiendo 60 dicho
116 (60 0010061116 16 de. y 16 D. 10661 11011161) 000
do 106 6611616106 0616 006 66 0001666 6616 1101161606 Ρ10·
1016 60 1166 11160106, 616010 61 01110610 0616 61 1101111161·
100 861101 1100101 D. Μ60061 Rubio y Salinas, 1100161010
111101116οο (16 6616 Μ61100011, y 6166011010 0616 61 R P.
1060 1161101600 Low, 16 16 (1010061116 (16 ,J 6606, 00160
6616116 0616 06111166 16 Ρ1000161011 Roma, 60 10016

01666011 10066110 8601161010 Ρ6116110116 1016060; 61

1616610 61 00617101 mantione 60 60 0666, 061616061010·

16 006 66 1001611 01166 000166, 001 16 006 66116 16 16 011·
01061; 611 10006 66116116 601616106016 0011101110 61 fin 006

66 1116661161 y 616010 0606661161110 1 6616 601016 repeti·

 

