61

0010 0810081 0111011, haber 08 conformat quatro Pium*
088, 00 1000 180 diversas 00 80 0180081000, 00 80 0080·
1108, 0018 0801001001οο 001080010000, como 08 0080180-
00 0088 000 800010, 01080 000 agua y gomas; y 00 fin 00
18 8118 1010000008, 000 0808 008 00 000 si 00008118 08.
08 0100018000 000 01 magisterio 000 aqui 8001080080

Yo he 000100, 000 81 00 00111100, 01 088 0100100 y 0111-
gente, 80 0081000 0 000180 0818 8800808 108000 00 00
110080 00 0018 0811080, y 810 0100008 01800810100, 000·
010000 imitar 188 008100 Ρ1010088 0101880, 000 00 01 81
0800000 00 80110000, (1080008 00 un grandoy prolijo 108-
10810 00 00080001τὶ8 01 110; y 0810 00 verifica 0180800010
00188 100000080108, 008 88 108000 000 10(10 080000 so·
000 1100808 bien 0180008108, y 008011080οο 008 8018 Ρ10·
1008, y 81 0100, 000 08 18000 80 0100018000 088 facili·¹
11080εο0 188 008108 08100 0008080100, 000 hasta ahora
no 00 ha heeho 008, 000 0001001800010 80 10 0800000
000818 00100, 000818 81 1800 (10 18 original, 00810800

’ 00000 0180800010 0018 800080.

0 111-1101 precioso oro, 0 80001οἰ10 0000010 dela 1001000080
100000 (10 8008100 Sanora (18 6000101000. .

Es 01 000 (10 000 80 visto 18 1100001018 80000008 00
80 880008108000, 8800100, 000 no 8010 00001008, 01-
00000 800000000 8 108 088 peritos Artifices 00 001810

· 0011800 00000808180 08000181, 00180 peregrina 08108-
108, y 180 0808 800010111080 00 00100, 000 00 008010 ve·

000 000000 00 100 088 8808008 y 0010800808 Artifices,
Ι0000 00 0810 han 000810 80 mayor empoflo, no ΒΘ en·

Ι 0000108 0088 000 810 0000008008 00 18 01818 80 0010 000.

Υ 00 0810 08018100 00010010 00 81 00010801ος 000000 08
180 10081000 18 80100808 Ρ101008, 000 01 80 0001008
01800010, 01 101180 00 10 humano 0000010 (10 000 180
080010110 como 010 000180 1011800010 80 0003001808
000 0818 prodigiosa Ρ101008 Ρο000 88000080, 00018

 

