75
Ρ16166661166666 666166 luz, ὸ166 66661616, 666 qud
16 166 mas 6661666 6611666 (1666 61616666) 66616166
6666166 6666 gusto 6 6661666166 1 16 16666616 6666166
66661 .

Ε6 161616 166616 66 teugo 6616666 (16616, 6666 66
1166116166116116 1616666666 666166111616 6616666,
666 61 666 6611666666 (16616 16166 166166 661 666666 16
8616666 1616666611116, 6666 666 haber 166116 161611·
6116116 haber observado 6666 66666 dicha Santisima
Imagen‚ 666 666 66 166 6616116 6666 6 mam (16 16666 16
debe dar 166 gracias 1( Dios: 6 16611166 66, 166666616
66 1116166116666161, 66 166 166 6161. por 61 6611616,
66611611616 6666666 666 666 ha 1666666161661666616
666 16616 gusto mi0; 6 discurro que 6661 (16 16166

(161666 61 566166, 666 1616 6616 66 gloria 16 66 Divi-
66 1616666161, 6666 61 numento 16161666616616 16 San·
1161666 11166666 666 66666 66 61666 modo 61 Ε66616
666 16666666 6666 6666166 defensa: 1166 66 61666 modo,
666666 666 6666166 666 diga, 66 66 mas 666 66166611-
6661616 16 666 66 16 8616666666 1666666 16 6666166 86166·
6616 (3166161666. La Sefiora 666 6166666 16 66 86611-
61666 Hijo lo 666 666 66666666( 6 111661. 16 guarda mu·

chos 66166 16666 6666 6666166 1666666616. Casa y Sep-
116661666 1, 16 1756.

De de. 6661161 (166166, 66616 6611666,
doses (16 1 barra.

——un—

Parecer (16 Don Mamoel (16 066616.

Mi Sefior: 666 66666161 666616666616 mia he 1611616
6666 (66161666 116616666166, 666 11661 11666 hecha (16 16

· prodigiosa Ρ16166616 6666166 116616666166666 16 (166-

(161666 6 616616, 666 66 hallo 661616 6116 6666, 66666

666 66 fiel 16661616 16 66 original retrato; por lo 666 di·
16 66 mi 666116, 666 661 como 66 61661616 666 dice 66 66

 

