55

166166 Ρ11661666 16 661616661161, 66616 166166 1166166,
Fidias 61116166 y 16 66661166 1166616166 (166616 Arre
6 (166661 Β66611611116666661616616 1611611116 16116161
66 61166 61 numero 16 1661166 ὸ161661166161666166 hu·
mano: porque 6666 16 1666161611 6611166, 61166 por 666-
16 6 616116 y un 161616, 6 61166 66166616.

11616 1116161161 1166 66 origen (16 166 Regiones 6 011-
6111666666 hcn 6661116, 661 66166 6166666 corpulen-
166, 6 66 61166 no; 6616 61661616 666611616166 61 hombro
66 6161 66116616. Α61 16 61661166 6666116 celebro Al-
116116 1161616, grando 616611616116 16 6616161666 6 δ’
6166166616, diligentisimo 66 16661111166 16661166 (161
666166 humano 666 6166616166 o 666 61616616 16616-
66616616 61 agr-aciaco aspecto 16 6666116 prodigioso
1666661616 6616166 (1 quince 61166, 66 6166166 66616661,
661 1 1616 66 116166 6 16116616 61661116 16 66611666 bion
16 66161616 66666116 66 quo 16 161666, y 661 16 mismo 66·
corbion conmonsurodo 66 166 ocho 1661166, 6 (166 161-
6166, que 116666 61616 61616166 ὸ6661166, (6666666116
161616, quo 11666 6666116 8611616, 6666 166616666616

11666 6661666611611166 6166616166616 16 6616 edcd: 666
queso hollo conforme 11661661666 16166166 (16 61 66·

16161, 61 (616 66166 61166166] obgoto 16 16 Ρ161616 11666
iguo} 6 1666 61661616 661166666166616 666 166 perfecti·
616166 616661616666 16 quc 1161116666

Quo 16 866116166861161666 6661661666 6 6161666 61116
como 16 66161661 quince afros, 66 coligc 16611166 (16 16
1616616111616116, quc 66166666 66611116166 666 666 figu-
166 6 caracteres los Indico.

El Liccncicdo Luis Β666116 Τ6666, 06161161166 que
16616 1161661611666 6166666 Μ61166116 666616 11661
116116161161, 11166 1616616 66 61 idioma 16 166 Indice, 6
661661666 figuras, caracteres 6 66611166, 6666 16 661661
1616116 166 1666666166166, quc 1616168661161616 Virgcn
,666 (16611. 11166666616 666 66 Μ66ς66161, como 611666

616116 0616161166 66 61 principio (16 66 Historia, 166

 

